
number of atoms
3


Input Cartesian corrdinates: 
8  0.00000  0.00000 -0.12237
1  0.00000  1.41500  0.97104
1  0.00000 -1.41500  0.97104

Input Hessian Matrix: 
      0.092764      0.000000      0.000000     -0.046382      0.000000      0.000000     -0.046382      0.000000      0.000000
      0.000000      0.317133      0.000000      0.000000     -0.158566      0.080020      0.000000     -0.158566     -0.080020
      0.000000      0.000000      0.280091      0.000000      0.034777     -0.140045      0.000000     -0.034777     -0.140045
     -0.046382      0.000000      0.000000      0.051467      0.000000      0.000000     -0.005085      0.000000      0.000000
      0.000000     -0.158566      0.034777      0.000000      0.173008     -0.057398      0.000000     -0.014441      0.022622
      0.000000      0.080020     -0.140045      0.000000     -0.057398      0.126837      0.000000     -0.022622      0.013208
     -0.046382      0.000000      0.000000     -0.005085      0.000000      0.000000      0.051467      0.000000      0.000000
      0.000000     -0.158566     -0.034777      0.000000     -0.014441     -0.022622      0.000000      0.173008      0.057398
      0.000000     -0.080020     -0.140045      0.000000      0.022622      0.013208      0.000000      0.057398      0.126837

Weight of atoms(amu):
     15.994914
      1.007825
      1.007825

mass weighted hessian Matrix:
      0.005800      0.000000      0.000000     -0.011552      0.000000      0.000000     -0.011552      0.000000      0.000000
      0.000000      0.019827      0.000000      0.000000     -0.039494      0.019930      0.000000     -0.039494     -0.019930
      0.000000      0.000000      0.017511      0.000000      0.008662     -0.034881      0.000000     -0.008662     -0.034881
     -0.011552      0.000000      0.000000      0.051067      0.000000      0.000000     -0.005045      0.000000      0.000000
      0.000000     -0.039494      0.008662      0.000000      0.171664     -0.056953      0.000000     -0.014329      0.022446
      0.000000      0.019930     -0.034881      0.000000     -0.056953      0.125853      0.000000     -0.022446      0.013105
     -0.011552      0.000000      0.000000     -0.005045      0.000000      0.000000      0.051067      0.000000      0.000000
      0.000000     -0.039494     -0.008662      0.000000     -0.014329     -0.022446      0.000000      0.171664      0.056953
      0.000000     -0.019930     -0.034881      0.000000      0.022446      0.013105      0.000000      0.056953      0.125853

dig of
 0.00579961           0           0  -0.0115523           0           0  -0.0115523           0           0
          0   0.0198271           0           0  -0.0394937   0.0199304           0  -0.0394937  -0.0199304
          0           0   0.0175112           0  0.00866171  -0.0348807           0 -0.00866171  -0.0348807
 -0.0115523           0           0   0.0510672           0           0 -0.00504518           0           0
          0  -0.0394937  0.00866171           0    0.171664  -0.0569527           0  -0.0143291   0.0224462
          0   0.0199304  -0.0348807           0  -0.0569527    0.125853           0  -0.0224462   0.0131055
 -0.0115523           0           0 -0.00504518           0           0   0.0510672           0           0
          0  -0.0394937 -0.00866171           0  -0.0143291  -0.0224462           0    0.171664   0.0569527
          0  -0.0199304  -0.0348807           0   0.0224462   0.0131055           0   0.0569527    0.125853

Eigenvalues of the Hessian Matrix (hatree/amu*bohr^2 )
1.12253e-18
5.09904e-18
1.66569e-11
  0.0518217
  0.0547551
  0.0561124
   0.131751
   0.210711
   0.235154

Harmonic Vibractional Frequency(cm^-1): 
    0.000005 
    0.000012 
    0.020980 
 1170.199599 
 1202.864631 
 1217.681449 
 1865.871389 
 2359.653384 
 2492.761274 

