 0.00579961           0           0  -0.0115523           0           0  -0.0115523           0           0
          0   0.0198271           0           0  -0.0394937   0.0199304           0  -0.0394937  -0.0199304
          0           0   0.0175112           0  0.00866171  -0.0348807           0 -0.00866171  -0.0348807
 -0.0115523           0           0   0.0510672           0           0 -0.00504518           0           0
          0  -0.0394937  0.00866171           0    0.171664  -0.0569527           0  -0.0143291   0.0224462
          0   0.0199304  -0.0348807           0  -0.0569527    0.125853           0  -0.0224462   0.0131055
 -0.0115523           0           0 -0.00504518           0           0   0.0510672           0           0
          0  -0.0394937 -0.00866171           0  -0.0143291  -0.0224462           0    0.171664   0.0569527
          0  -0.0199304  -0.0348807           0   0.0224462   0.0131055           0   0.0569527    0.125853
